930
1226
537
2094
990
6955
6324
6865
16225
9741
17465
19384
29313
14377
26914
72602
78747
74310
77122
63229
77774
100484
135618
119947
128747
108
70
15
47
98
6575
4098
5580
2648
5333
19732
17349
24499
19321
19611
57640
81478
65134
78284
67337
64451
113999
74323
110295
95616
0
0
0
0
0
2282
2260
4936
3784
3289
20312
13480
19792
24514
14905
65410
65874
78451
81627
68242
90486
115249
68529
79006
98110
0
0
0
0
0
684
172
803
653
820
10477
18646
10082
25881
8159
47920
43172
55730
59557
42688
126120
114686
112102
98206
157296
0
0
0
0
0
0
516
3404
0
0
31741
21236
27097
19648
14282
46771
50365
25460
66773
69092
122266
82456
75118
73041
6.423