2346
2011
2583
2691
1604
26427
11403
8664
9923
10876
43505
36717
45542
51845
39134
87902
84375
104872
89515
72423
214601
150808
224042
116059
240190
86
4
806
99
22
9988
7388
4674
4356
6994
35959
22740
29654
49444
26423
71293
90301
85043
124147
79955
157508
133290
191114
150319
198090
0
0
0
0
0
1318
3969
2522
4465
5904
26676
18499
32581
18580
25416
77110
85902
92803
78177
75524
150580
131698
98532
135566
135804
0
0
0
0
0
1228
5499
1202
543
3917
21067
36467
28831
29496
16050
89519
66389
61139
42555
56719
177920
139610
149036
179264
120155
0
0
0
0
0
0
1977
0
6474
1486
27310
15901
36297
15898
11422
36466
72122
65638
106099
101773
78398
120204
101249
139555
8.718