6163
6247
4521
5351
5568
58964
51458
59981
41264
53985
183519
235914
180047
158994
175371
409889
335622
547679
479691
409088
900229
557361
540402
744873
586079
36
1023
176
554
50
24532
26776
34761
25318
20102
109839
184826
95026
157345
131376
464549
427623
323572
362590
308905
830849
624319
750597
657563
600145
0
0
0
0
0
10927
12027
20328
8246
21542
89336
89850
103359
103404
60221
246583
404784
402756
312111
225875
641855
612799
624228
585493
576704
0
0
0
0
0
3168
1227
5622
208
2737
71892
88855
60290
56961
77993
252887
313022
328207
277289
319867
497194
637816
680734
623007
451418
0
0
0
0
0
0
1631
0
856
340
162749
179562
95500
172512
73022
372275
327248
248731
296499
270221
473223
572141
398253
433754
16.875