930
1226
573
2094
990
6955
6324
6865
16280
9737
17465
19312
29279
14432
27230
72317
78623
74373
77432
63229
77774
100484
135618
119947
128747
108
70
15
47
98
6659
4098
5504
2809
5341
19732
17365
24843
19038
19611
57640
81515
65134
78284
66579
64451
113999
74323
110295
95643
0
0
0
0
0
2282
2260
4936
3784
3289
20313
13403
19771
24348
14905
65386
65756
78451
81688
68242
90486
115249
68529
79006
98110
0
0
0
0
0
711
172
798
653
818
10262
18646
10061
25912
8159
47683
43004
55730
59622
42688
126064
114686
112102
98206
157296
0
0
0
0
0
0
516
3354
0
0
31478
21271
27097
19648
13774
46770
50364
25460
66707
69137
122268
82456
75118
73041
15.037