5988
6240
4267
5058
5283
58258
51293
59434
41065
53526
182715
234383
178993
157838
173020
407816
333768
545903
477908
406323
898928
556873
539724
744318
585306
8
941
176
554
50
24301
26045
33637
22845
19539
108484
182062
91072
153718
129893
462444
426256
321299
360565
306130
829880
623390
749006
656728
599269
0
0
0
0
0
9557
11539
17022
8004
19912
87932
87732
98176
101770
56812
244005
401330
399201
309444
222863
640852
611534
623447
584646
575274
0
0
0
0
0
1516
509
2310
136
357
68950
84895
55971
55895
75335
249214
311145
326358
274330
317019
496065
637007
680185
622520
449636
0
0
0
0
0
0
1271
0
276
4
159476
175073
91509
168697
70539
370883
324565
246511
293752
267483
471303
570517
397182
431348
160.767