2134
2011
2583
2691
1518
26276
11403
8499
9918
10655
43504
36461
45383
52018
38934
87902
84375
104795
89474
72316
214566
150800
224025
116015
240179
2
4
755
99
22
9934
7270
4674
4025
6459
34892
22740
29492
49380
26423
71111
90243
84126
123928
79916
157505
133289
191099
150279
198076
0
0
0
0
0
1258
3947
2522
3770
5912
25212
17399
31459
18098
25049
76878
85413
92897
78048
74953
150580
131680
98494
135489
135677
0
0
0
0
0
1228
4879
1196
508
3796
20761
36053
28671
28849
15590
89324
66340
61125
42572
56632
177975
139594
148906
179435
120153
0
0
0
0
0
0
1810
0
6199
1450
27367
15867
35106
15574
11324
36084
71930
65433
106060
101665
78390
119925
101157
139488
83.132