2345
2011
2619
2691
1604
26509
11403
8544
9918
10655
43504
36717
45501
52055
38934
87902
84375
104950
89299
72545
214556
150827
224025
116015
240179
2
4
806
104
22
10674
7270
4674
4356
6718
35804
22740
29654
49380
26430
71346
90233
84806
124064
79949
157505
133325
191099
150279
198076
0
0
0
0
0
1325
3947
2522
4286
5912
25320
17735
31556
18174
25466
76938
85863
93456
78119
74944
150580
131703
98508
135555
135683
0
0
0
0
0
896
5236
1196
655
3796
21180
36230
28300
28876
15605
89412
66584
61139
42870
56665
177975
139771
149036
179275
120108
0
0
0
0
0
0
2036
0
6273
1465
27418
16033
36329
16069
10616
36180
71986
65433
106175
101768
78369
119925
101170
139600
10.554