6399
6488
4291
5150
5634
58517
51383
59633
41496
53577
183647
235628
179562
157939
173809
408667
335028
546127
478269
407841
899218
557384
539973
744844
585514
8
859
150
806
193
24786
26435
34055
22791
19257
111225
184245
93391
158414
131478
464440
426594
322407
363232
307778
830239
623773
749128
657091
599793
0
0
0
0
0
10094
12282
20167
8284
21202
89103
89700
99149
102734
57465
244884
403115
401008
312669
224873
641057
611793
623631
585004
575873
0
0
0
0
0
2294
858
2278
136
427
72145
85646
58466
57120
81911
251024
312145
326830
275833
319206
495947
637646
680845
622694
450432
0
0
0
0
0
0
1677
0
401
0
161769
177046
93768
172021
72331
371637
327499
248199
296327
269229
472165
571305
397527
432578
20