930
1225
573
2094
990
7048
6571
6865
16320
9737
17465
19312
29313
14432
27059
72365
78747
74362
77432
63229
77775
100515
135618
119947
128747
108
64
15
47
98
6659
4099
5504
2809
5290
19860
17349
24843
19877
19621
57770
81562
65134
78165
66579
64451
113999
74323
110295
95616
0
0
0
0
0
2282
2409
5180
3880
3289
20313
13482
20100
24346
14905
65386
65756
78545
81688
68264
90486
115285
68554
79006
98110
0
0
0
0
0
774
172
876
617
849
10383
18708
10036
25881
8191
47823
43004
55730
60042
42726
126048
114686
112102
98206
157296
0
0
0
0
0
0
643
4388
0
0
31765
21299
27077
19648
14298
46782
50459
25584
66707
69152
122266
82456
75118
73104
1.988