6066
6218
4267
5011
5283
58331
51318
59505
41005
53526
182370
234523
179257
157541
173020
407712
333812
544868
477847
406375
898925
556873
539717
744310
585306
8
967
27
480
50
24202
26045
33120
22450
19434
108725
182435
90664
153202
129728
462507
426335
320609
360940
306081
829879
623397
749001
656739
599269
0
0
0
0
0
9730
11547
17140
8004
19912
87820
87365
96780
101563
56812
244186
401126
399320
310053
222849
640816
611430
623441
584660
575283
0
0
0
0
0
1515
503
1246
136
357
68508
84710
56473
54612
75744
249287
311339
326321
274868
316943
495527
636913
680116
622520
449696
0
0
0
0
0
0
1271
0
240
4
159578
174578
91396
168532
70541
370694
325088
246742
294091
267506
471275
570535
397098
431208
193.519