2134
2011
2583
2691
1604
26276
11403
8499
9918
10655
43504
36459
45501
51974
38934
87902
84375
104795
89299
72316
214555
150800
224025
116015
240179
2
4
755
99
22
10015
7260
4674
4017
6459
34892
22740
29492
49352
26423
71111
90163
84304
123928
79927
157505
133289
191099
150279
198076
0
0
0
0
0
1258
3947
2522
3770
5912
25212
17337
30848
18561
25049
76893
85420
92756
77966
74754
150580
131681
98511
135455
135677
0
0
0
0
0
816
4879
984
633
3796
20762
36230
28697
28846
15590
89352
66340
61139
42468
56549
177975
139594
148906
179275
120108
0
0
0
0
0
0
1908
0
6195
1465
27389
15867
35106
15544
11312
35727
71986
65433
106090
101685
78390
119925
101170
139503
104.192