41
44
24
42
30
22
9
34
30
20
28
2
11
46
49
11
49
36
11
9
43
12
28
27
46
47
39
3
24
26
19
20
36
7
26
9
8
34
19
10
41
23
4
39
35
44
50
12
31
8
44
5
27
23
17
25
7
42
36
30
19
43
28
47
21
21
15
31
7
23
39
32
30
8
16
11
29
5
36
24
32
50
46
42
49
15
14
22
16
34
34
4
5
14
35
26
19
34
17
13
43
34
17
17
11
29
3
14
8
16
17
13
26
41
31
2
25
28
43
26
48
43
34
12
26
37
3
9
49
18
28
22
38
27
14
37
12
9
24
48
17
22
10
21
4
49
36
23
9
50
38
9
48
15
7
21
6
44
37
13
36
46
49
34
26
31
15
32
17
27
40
31
34
7
29
47
15
33
23
24
22
18
13
16
34
36
3
6
3
22
14
8
26
25
13
30
32
30
38
31
11
48
43
50
4
5
5
21
48
9
4
50
36
47
11
5
44
4
49
30
23
38
45
50
9
21
34
13
50
46
34
40
11
10
37
50
33
29
2
6
12
35
25
22
29
20
25
14
41
43
18
28
32
33
12
42
40
50
44
24
46
50
50
48
36
40
27
11
21
5
47
5
44
3
47
20
40
40
19
35
20
1
39
41
27
10
16
9
47
11
47
16
3
1
45
10
12
33
31
19
47
30
24
34
50
15
42
4
1
6
17
20
39
15
44
12
23
49
41
3
3
21
24
47
21
15
50
25
22
4
50
12
22
42
32
25
34
3
40
26
17
46
48
4
2
24
4
34
8
19
47
14
36
4
48
29
28
16
44
8
22
17
16
22
19
36
37
26
30
32
7
41
39
37
43
8
13
31
38
30
6
34
44
20
44
13
39
19
9
33
29
30
13
39
22
17
39
10
28
10
11
44
31
31
6
49
35
12
37
49
5
15
35
35
9
26
12
33
19
46
44
6
25
7
40
10
21
36
9
32
28
32
19
3
7
16
20
10
22
39
17
47
20
16
18
6
7
34
41
47
6
14
34
48
9
45
24
10
14
10
11
47
16
18
47
31
24
6
50
40
3
2
50
8
41
42
6
2
14
29
20
44
13
40
18
48
17
26
8
34
27
23
42
47
21
11
31
49
3
4
44
16
42
35
43
32
32
10
1
39
43
42
36
14
8
37
3
22
39
49
18
40
31
50
32
13
18
20
23
9
1
7
33
45
24
10
28
40
20
26
40
10
3
23
46
44
30
24
38
36
3
30
11
10
39
26
19
44
37
17
33
18
48
34
4
24
31
13
41
33
14
3
1
37
39
12
30
47
11
29
14
33
29
12
6
18
25
16
32
19
46
39
39
29
25
4
33
2
11
21
33
44
1
27
37
49
10
35
29
26
11
2
12
16
19
4
31
35
16
38
42
14
1
1
2
30
44
29
40
17
37
37
29
26
17
33
11
49
25
47
36
28
37
36
9
26
24
39
19
29
47
5
20
32
37
28
50
42
33
33
13
30
32
6
35
6
41
45
48
34
43
41
19
23
14
2
12
6
15
12
31
24
38
22
2
28
13
25
35
5
37
31
8
30
9
26
45
30
17
44
42
35
41
30
33
44
5
22
14
3
12
28
30
8
25
35
44
26
36
36
31
37
8
23
20
32
44
15
43
39
21
50
14
32
6
28
47
7
37
12
11
14
32
28
13
2
22
4
3
9
1
46
13
21
21
13
27
4
33
40
48
45
36
13
4
23
25
3
6
22
39
50
18
8
28
15
13
6
50
42
5
6
14
43
50
46
18
33
12
30
47
31
9
30
20
26
12
41
38
25
34
5
33
3
41
43
39
8
14
25
13
7
48
9
11
20
21
48
29
27
28
23
27
25
30
17
6
4
7
17
21
31
48
38
3
33
8
42
1
33
36
40
32
29
4
35
7
23
32
34
8
38
36
7
21
49
11
25
33
37
32
28
47
41
1
4
24
5
11
48
41
27
6
6
1
7
10
3
17
13
39
37
6
16
14
5
8
43
42
25
35
35
47
23
42
2
18
28
49
33
16
17
43
22
50
34
37
43
45
5
33
9
39
21
42
9
41
14
22
15
48
33
12
29
17
19
15
38
12
31
40
22
1
18
50
40
24
11
45
50
30
32
15
47
19
26
7
33
11
18
10
7
28
49
44
2
46
36
38
26
31
15
11
50
43
39
23
40
36
14
5
49
28
40
37
22
24
12
41
23
32
50
33
1
42
35
40
16
18
21
13
25
4
40
15
19
26
21
8
45
